13933.82196 -217.7  1.0 
13933.82264 -221.0  1.0 
13933.82336 -217.8  1.0 
14085.16632 -203.3  1.3 
14085.16702 -204.2  1.3 
14085.16775 -203.6  1.2 
14130.12242  321.0  1.1 
14130.12308  318.4  1.1 
14130.12372  319.2  1.1 
14131.11653  290.6  1.2 
14131.11724  291.0  1.2 
14131.11797  291.7  1.1 
14139.10185   90.7  1.2 
14139.10250   91.1  1.2 
14139.10312   87.7  1.2 
14641.84867 -237.2  1.2 
14807.16184   12.3  1.6 
14809.16606   46.7  1.3 
14811.16959   95.0  1.2 
14865.09274 -199.3  1.2 
14866.06558 -209.0  1.3 
14868.10796 -213.6  1.5 
14927.00429   68.3  1.4 
14963.76892  -54.2  1.4 
14983.92452 -212.9  1.4 
14984.93831 -211.1  1.2 
14985.93592 -217.3  1.2 
14986.92704 -216.2  1.2 
14987.92941 -221.9  1.2 
14988.87370 -227.3  1.4 
15016.74253 -202.7  1.3 
15042.73366   58.4  1.2 
15043.74347   74.7  1.3 
15044.77665  100.2  1.2 
15256.94773 -182.2  1.3 
15286.01509  301.1  1.4 
15311.80566  -30.5  1.3 
15312.79832  -39.2  1.1 
15314.85494  -74.7  1.2 
15375.75214 -167.0  1.2 
15405.73625  377.3  1.1 
15585.18842 -241.5  1.2 
15607.18024 -180.8  1.3 
15636.97057  333.8  1.4 
15636.97113  330.3  1.3 
15636.97172  332.3  1.2 
15636.97232  329.7  1.2 
15706.73340 -238.4  1.0 
15707.73062 -237.0  1.2 
15731.94048 -113.1  1.3 
15792.72022 -177.0  1.3 
15792.72080 -170.0  1.3 
15792.72139 -172.8  1.2 
15993.02461  379.9  1.3 
15993.02698  382.7  1.4 
15993.03026  386.1  1.5 
16145.72624 -185.9  1.2 
16488.73474 -142.7  1.1 
16675.18710   24.3  1.4 
