8.975198806373077 -0.013455462859375003
7.084436227839362 -0.013174094904434533
4.5855336386661465 -0.012892726949494065
3.914210250297868 -0.012611358994553595
3.9157898347410875 -0.012329991039613125
5.302664975887789 -0.012048623084672656
3.693068428247141 -0.011767255129732188
4.429154778787418 -0.011485887174791718
4.378608076604395 -0.011204519219851248
4.63765992529239 -0.01092315126491078
3.8668227170012837 -0.01064178330997031
7.597801171885692 -0.01036041535502984
30.39436385642921 -0.010079047400089372
83.82222806388485 -0.009797679445148902
106.98367475481207 -0.009516311490208432
88.45514923584759 -0.009234943535267963
26.21004466634081 -0.008953575580327493
34.92619162402589 -0.008672207625387025
22.204218518336212 -0.008390839670446555
41.042342588171714 -0.008109471715506085
46.635651101611884 -0.007828103760565617
146.97085493491318 -0.007546735805625147
141.3696484992569 -0.007265367850684677
175.27384898851977 -0.006983999895744208
197.0310451094249 -0.006702631940803739
186.1745612311774 -0.0064212639858632695
173.13825082128704 -0.0061398960309228005
242.11396470335202 -0.005858528075982331
86.35114275747924 -0.005577160121041862
79.37095910289236 -0.005295792166101392
168.57483136482597 -0.005014424211160922
184.14163605275394 -0.004733056256220454
158.20959824841975 -0.004451688301279984
137.15847637363376 -0.004170320346339514
114.14866978925562 -0.003888952391399046
110.30870000778907 -0.0036075844364585764
136.72567023619163 -0.0033262164815181065
179.92730475824436 -0.0030448485265776367
73.1300209677322 -0.0027634805716371686
48.34476146917536 -0.0024821126166966988
43.46542512407039 -0.002200744661756229
14.908117975105439 -0.0019193767068157608
17.512852721974358 -0.001638008751875291
10.959156867056743 -0.0013566407969348212
13.669723771621367 -0.0010752728419943514
12.004841768468037 -0.0007939048870538833
12.191232732767936 -0.0005125369321134134
12.132788108368816 -0.0002311689771729436
9.3906295149398 5.0198977767524494e-5
15.915892849879466 0.0003315669327079943
44.71803558754344 0.0006129348876484642
47.45861459652924 0.000894302842588934
12.518206712514369 0.001175670797529402
1.6396086520618187 0.001457038752469872
1.3789772189306049 0.0017384067074103417
1.9397296962735198 0.0020197746623508116
0.5860258284344265 0.0023011426172912797
0.12952592434399723 0.0025825105722317478
0.007897922216097393 0.0028638785271722193
0.018955013318633744 0.0031452464821126874
