5.881934124934456e-8 8000.216032616562
0.0 8015.328219696672
0.0 8030.440406776782
1.470483531233614e-7 8045.552593856892
1.1763868249868912e-7 8060.6647809370015
0.0 8075.776968017111
8.822901187401684e-8 8090.889155097221
2.3527736499737824e-7 8106.001342177331
1.470483531233614e-7 8121.113529257441
2.0586769437270596e-7 8136.225716337551
3.5291604749606735e-7 8151.3379034176605
7.35241765616807e-7 8166.45009049777
7.35241765616807e-7 8181.56227757788
9.41109459989513e-7 8196.67446465799
7.940611068661516e-7 8211.786651738099
5.293740712441011e-7 8226.89883881821
7.940611068661516e-7 8242.011025898319
2.088086614351732e-6 8257.12321297843
1.8233995787296813e-6 8272.235400058538
3.529160474960674e-6 8287.347587138649
4.7055472999475646e-6 8302.459774218758
0.002776831690710932 8317.571961298869
0.014720981221509086 8332.684148378978
0.04715073092262896 8347.796335459088
0.0014781594552666535 8362.908522539197
3.558570145585346e-6 8378.020709619308
3.3821121218373124e-6 8393.132896699417
3.2056540980892788e-6 8408.245083779528
2.5586413443464886e-6 8423.357270859637
1.5293028724829587e-6 8438.469457939747
1.5881222137323033e-6 8453.581645019856
1.146977154362219e-6 8468.693832099967
1.1175674837375467e-6 8483.806019180076
9.116997893648407e-7 8498.918206260187
1.1763868249868911e-6 8514.030393340296
1.4998932018582862e-6 8529.142580420406
8.234707774908238e-7 8544.254767500515
2.6468703562205053e-7 8559.366954580626
4.4114505937008423e-7 8574.479141660735
4.705547299947565e-7 8589.591328740846
3.8232571812073966e-7 8604.703515820955
2.940967062467228e-7 8619.815702901065
5.587837418687734e-7 8634.927889981174
2.940967062467228e-7 8650.040077061285
5.881934124934456e-8 8665.152264141394
0.0 8680.264451221505
4.705547299947565e-7 8695.376638301614
1.1763868249868912e-7 8710.488825381724
0.0 8725.601012461833
8.822901187401684e-8 8740.713199541944
1.1763868249868912e-7 8755.825386622053
8.822901187401684e-8 8770.937573702164
1.470483531233614e-7 8786.049760782273
8.822901187401684e-8 8801.161947862383
2.3527736499737824e-7 8816.274134942492
0.0 8831.386322022601
5.881934124934456e-8 8846.498509102712
0.0 8861.610696182823
5.881934124934456e-8 8876.722883262932
2.940967062467228e-7 8891.83507034304
