0.10447577797673116 -0.0064344796887528585
0.0 -0.0061409507267240065
0.0 -0.005847421764695155
0.32099804247923197 -0.005553892802666303
0.11356062823557735 -0.005260363840637451
0.4936101973973095 -0.004966834878608599
1.078068897383081 -0.004673305916579747
0.7373870126763489 -0.004379776954550895
1.022045654120196 -0.004086247992522043
1.2052568010069276 -0.0037927190304931913
1.9365872468440457 -0.0034991900684643393
3.272060234894435 -0.0032056611064354874
3.412875413906551 -0.0029121321444066355
3.0479672618428957 -0.0026186031823777836
8.49130670860157 -0.0023250742203489317
4.805885786929633 -0.00203154525832008
4.347100848857901 -0.0017380162962912279
6.207981010211562 -0.001444487334262376
5.173822222412904 -0.001150958372233524
7.199743830135604 -0.0008574294102046721
36.40450912890648 -0.0005639004481758202
28.752036927538374 -0.0002703714861469683
3.6778502131228983 2.315747588188359e-5
4.563623113360402 0.0003166864379107355
4.97244137500848 0.0006102153999395874
7.964385393588491 0.0009037443619684393
8.29446828632657 0.0011972733239972912
9.757129178000806 0.0014908022860261431
18.233294469504298 0.001784331248054995
45.62260385821575 0.002077860210083847
26.691290060490097 0.002371389172112699
45.72859377790228 0.002664918134141551
60.09477032055772 0.0029584470961704027
50.04541179256403 0.0032519760581992546
62.01924443372331 0.0035455050202281065
67.5064939900664 0.0038390339822569584
73.69479115805046 0.00413256294428581
83.33684556610588 0.004426091906314662
98.35107476055902 0.004719620868343514
115.69253976298658 0.005013149830372366
129.47274346394644 0.005306678792401218
163.4727955576783 0.00560020775443007
72.82567381662085 0.005893736716458922
56.1171200488929 0.006187265678487774
72.81961724978161 0.006480794640516626
111.21068030195579 0.0067743236025454776
69.76407927938968 0.0070678525645743295
78.03583544006914 0.007361381526603181
78.44919612684663 0.007654910488632033
198.15572556253343 0.007948439450660885
132.5131400172403 0.008241968412689737
147.48800152723842 0.008535497374718589
178.1508852925541 0.008829026336747441
210.04325212623365 0.009122555298776293
128.0085684305624 0.009416084260805145
105.35700845183923 0.009709613222833995
157.70240150160117 0.010003142184862849
257.9567523913885 0.010296671146891702
116.83874503731101 0.010590200108920552
38.06249430114591 0.010883729070949403
