0.01579738276144451 362.7252640713417
0.017533802645754618 362.78029428403335
0.09741719369557449 362.835324496725
0.2515708975645374 362.8903547094166
0.20471986617438417 362.94538492210825
0.303259675516094 363.0004151347999
1.6033374338279587 363.0554453474915
1.6698140480965935 363.11047556018315
1.1456009995807046 363.1655057728747
1.4553863833131826 363.22053598556636
1.111026052954046 363.275566198258
0.738632636927745 363.3305964109496
0.4987078671454177 363.38562662364126
0.5374502214944205 363.4406568363329
0.8043500722702164 363.4956870490245
1.186572432478868 363.55071726171616
0.3455152514914916 363.6057474744078
0.25109439164279646 363.6607776870994
0.32483974031086893 363.71580789979106
0.1764202602459069 363.7708381124827
0.13415660789895437 363.8258683251743
0.12801856551720703 363.88089853786596
0.40961741252297684 363.9359287505576
1.2575314329604894 363.99095896324917
1.951913630138769 364.0459891759408
0.5875560306212108 364.10101938863244
0.24615972862273375 364.15604960132407
0.14250757608675274 364.2110798140157
0.16881231824116213 364.26611002670734
0.053958238358492214 364.32114023939897
0.027419281428989833 364.3761704520906
0.030900197569164976 364.43120066478224
0.052964844657235735 364.4862308774739
0.057689522016870214 364.5412610901655
0.032975825058782174 364.59629130285714
0.020683587552177602 364.6513215155488
0.015732771789005066 364.7063517282404
0.013899435446035788 364.76138194093204
0.013204867492311746 364.8164121536236
0.008124829784260316 364.87144236631525
0.009659340379697155 364.9264725790069
0.0099339370125648 364.9815027916985
0.011339225663122747 365.03653300439015
0.009328209145944994 365.0915632170818
0.012074175474621444 365.1465934297734
0.007704858463403918 365.20162364246505
0.0071798943123334204 365.2566538551567
0.004337011524997803 365.3116840678483
0.0028428827873356174 365.36671428053995
0.0014941287376621852 365.4217444932316
0.0014295177652227395 365.4767747059232
0.0009853173297015491 365.53180491861485
0.00037151309152681365 365.5868351313065
8.076371554930732e-5 365.64186534399806
4.8458229329584385e-5 365.6968955566897
4.8458229329584385e-5 365.75192576938133
0.0 365.80695598207296
1.6152743109861464e-5 365.8619861947646
4.038185777465366e-5 365.91701640745623
4.8458229329584385e-5 365.97204662014786
