1.9846087346228068e-8 8132.102197040231
0.0 8154.496759590059
1.1907652407736841e-7 8176.891322139886
1.9846087346228068e-8 8199.285884689714
1.9846087346228068e-8 8221.680447239542
0.0003567135739611033 8244.07500978937
0.03803324025118493 8266.469572339198
0.006223117763069389 8288.864134889025
7.025514920564736e-6 8311.258697438854
4.147832255361666e-6 8333.653259988681
3.59214180966728e-6 8356.047822538509
2.063993084007719e-6 8378.442385088338
1.7464556864680699e-6 8400.836947638165
1.8059939485067542e-6 8423.231510187994
1.6273791623907017e-6 8445.626072737821
1.3693800268897367e-6 8468.020635287648
9.129200179264912e-7 8490.415197837478
1.210611328119912e-6 8512.809760387305
1.3892261142359648e-6 8535.204322937132
7.343052318104385e-7 8557.598885486961
7.739974065028946e-7 8579.993448036788
9.129200179264912e-7 8602.388010586616
5.159982710019297e-7 8624.782573136445
9.724582799651754e-7 8647.177135686272
5.358443583481579e-7 8669.5716982361
5.159982710019297e-7 8691.966260785928
3.9692174692456136e-7 8714.360823335755
7.144591444642104e-7 8736.755385885583
5.159982710019297e-7 8759.149948435412
9.724582799651754e-7 8781.544510985239
6.350747950792982e-7 8803.939073535068
6.549208824255263e-7 8826.333636084895
4.564600089632456e-7 8848.728198634723
2.778452228471929e-7 8871.122761184552
5.953826203868421e-7 8893.517323734379
2.3815304815473682e-7 8915.911886284206
6.747669697717543e-7 8938.306448834035
2.9769131019342103e-7 8960.701011383862
3.3738348488587714e-7 8983.09557393369
2.1830696080850874e-7 9005.490136483519
2.9769131019342103e-7 9027.884699033346
2.1830696080850874e-7 9050.279261583173
9.923043673114034e-8 9072.673824133002
3.9692174692456136e-8 9095.06838668283
1.9846087346228068e-8 9117.462949232657
1.1907652407736841e-7 9139.857511782486
9.923043673114034e-8 9162.252074332313
1.9846087346228068e-7 9184.64663688214
0.0 9207.04119943197
1.9846087346228068e-8 9229.435761981797
7.938434938491227e-8 9251.830324531624
5.9538262038684204e-8 9274.224887081453
1.9846087346228068e-8 9296.61944963128
0.0 9319.01401218111
0.0 9341.408574730936
1.9846087346228068e-8 9363.803137280764
1.3892261142359646e-7 9386.197699830593
0.0 9408.59226238042
7.938434938491227e-8 9430.986824930247
9.923043673114034e-8 9453.381387480076
