0.0025529541620202337 -0.24403817755295934
0.0020541010499013374 -0.22889232525294448
0.0004988531121188963 -0.2137464729529296
0.0024942655605944813 -0.19860062065291473
0.0 -0.18345476835289987
0.00038147590926739124 -0.168308916052885
0.0 -0.15316306375287012
0.0004401645106931437 -0.13801721145285525
0.00026409870641588623 -0.12287135915284038
0.012001818991566385 -0.1077255068528255
0.0009096733220991637 -0.09257965455281064
0.0036093489876837786 -0.07743380225279578
0.003902791994812541 -0.06228794995278089
0.0064850904575456505 -0.04714209765276603
0.01455477315358662 -0.03199624535275117
0.0228592102553306 -0.01685039305273628
0.03195594347632223 -0.0017045407527214174
0.04369366376147273 0.013441311547293472
0.046686782434186114 0.028587163847308333
0.058894011530742627 0.043733016147323195
0.054492366423811195 0.058878868447338056
0.06130024418919848 0.07402472074735292
0.058982044432881256 0.08917057304736778
0.39406461427321515 0.1043164253473827
0.20511666198300496 0.11946227764739756
0.18463434008541735 0.13460812994741242
0.3355520786517399 0.14975398224742728
0.3818867294773715 0.16489983454744214
1.1301077090542901 0.180045686847457
5.565264007399832 0.19519153914747192
6.85022159131597 0.21033739144748678
2.2953992346633187 0.22548324374750164
2.748445893369415 0.2406290960475165
0.9141923444089466 0.25577494834753134
0.9416292655754859 0.2709208006475463
0.8998136370596372 0.2860666529475612
0.634541158615236 0.30121250524757603
4.734761608624009 0.3163583575475909
4.327697469134989 0.33150420984760576
3.145474282014631 0.3466500621476206
2.2160229012349886 0.3617959144476355
1.3086384345914293 0.37694176674765034
0.8130131955509493 0.3920876190476652
0.6233609800436302 0.40723347134768006
0.46830569507679204 0.4223793236476949
0.4084726659232374 0.4375251759477099
0.9990560620705847 0.45267102824772476
1.4458523847248386 0.4678168805477396
2.984960957115198 0.4829627328477545
5.225721103851141 0.49810858514776934
7.568217941158626 0.5132544374477842
4.536511513007817 0.5284002897477991
0.6759753112218172 0.5435461420478139
0.3219656674216782 0.5586919943478288
0.029608399419292133 0.5738378466478437
0.043136122047928084 0.5889836989478585
0.11555785620730666 0.6041295512478734
0.11089211239395934 0.6192754035478882
0.008685913011011369 0.6344212558479032
0.0029050857705747485 0.6495671081479181
