 8445.4998382255
 8670.198330175	
 8894.898500003
 9119.604270326
 9344.3046679944
 9569.003021581
 9793.702675212
10018.403521817
10243.1073304787
10467.8064045757
10692.5054599456
10917.209279388
11141.91067224
11366.6109478734
11591.3088947535
11816.008609239
12040.71377917
12265.4138773456
12490.1122424826
12714.811890878
12939.513136277
13164.2174098957
13388.9168387484
13613.6159022786
13838.3197193593
14063.020930726
14287.721279729
14512.4193358235
14737.1190855987
14961.8245531004
15186.5248099994
15411.2231802344
15635.9223749563
15860.6232430823
16085.3269441407
16310.025942009
16534.724671185
16759.428195715
