0.008136111403860646 -0.2950065352559649
0.01896409609747444 -0.2803121008239553
0.009890365907295284 -0.26561766639194573
0.00592817039091705 -0.25092323195993615
0.012672976498950226 -0.2362287975279266
0.014155019096679489 -0.22153436309591704
0.02579963950740941 -0.2068399286639075
0.014064281794777696 -0.19214549423189792
0.010223069347601853 -0.17745105979988834
0.02643480062072195 -0.16275662536787877
0.006926280711836758 -0.1480621909358692
0.012824205335453212 -0.13336775650385965
0.017663528103548765 -0.11867332207185008
0.02752364824354345 -0.1039788876398405
0.030457487671701377 -0.08928445320783096
0.019448028374284 -0.07459001877582139
0.04077129432120502 -0.059895584343811814
0.04049908241549965 -0.04520114991180224
0.11677890754760578 -0.030506715479792668
0.09261253947442862 -0.015812281047783094
0.11629497527079623 -0.0011178466157735212
0.0971191588022176 0.013576587816235997
0.11487342420766815 0.02827102224824557
0.12488477318416583 0.04296545668025514
0.10613239745779557 0.057659891112264716
0.16024207515856395 0.07235432554427429
0.33838964455908144 0.08704875997628386
1.2812409486205978 0.10174319440829344
0.16160313468709084 0.11643762884030295
0.18108140882867543 0.13113206327231253
0.4605220529188929 0.1458264977043221
0.6202499500333467 0.16052093213633167
0.44264680444424 0.17521536656834125
0.5699814847797542 0.18990980100035082
2.974852688617538 0.2046042354323604
4.269613495221503 0.21929866986436997
4.072592567025413 0.23399310429637954
3.9374242329590436 0.2486875387283891
3.7340819393971287 0.2633819731603987
1.4360992771996555 0.27807640759240826
1.5037590586510914 0.29277084202441783
1.5595624993206934 0.3074652764564273
1.3123638431729123 0.32215971088843687
0.4922498628172194 0.33685414532044644
0.4981175416735352 0.351548579752456
0.8799703538435748 0.3662430141844656
1.569573848297191 0.38093744861647516
1.8376118381150832 0.39563188304848473
1.9213321220031363 0.4103263174804943
2.2250601172357336 0.4250207519125039
2.759593562739188 0.43971518634451345
3.0975900123233613 0.454409620776523
4.581749813763666 0.4691040552085326
2.346496872947631 0.4837984896405422
3.230278193471081 0.49849292407255175
4.012917668141334 0.5131873585045613
7.57311669132733 0.5278817929365708
0.5168699173999055 0.5425762273685804
0.19729314010179552 0.5572706618005899
0.185769502760268 0.5719650962325995
