0.008053364592411249 -0.05613639726707034
0.0 -0.05133509140006631
9.256740910817528e-5 -0.04653378553306228
0.0 -0.04173247966605825
0.008053364592411249 -0.03693117379905422
0.001295943727514454 -0.03212986793205019
0.0007405392728654023 -0.027328562065046164
0.0014810785457308046 -0.022527256198042134
0.0017587807730553304 -0.017725950331038104
0.0037026963643270114 -0.012924644464034074
0.005091207500949641 -0.008123338597030044
0.011385791320305559 -0.0033220327300260144
0.01897631886717593 0.0014792731369780154
0.07581270805959556 0.006280579003982045
0.21392328244899309 0.011081884870986075
0.21670030472223833 0.015883190737990105
0.1164498006580845 0.020684496604994135
0.10552684638331981 0.025485802471998165
0.06896271978559058 0.030287108339002194
0.11098832352070216 0.035088414206006224
0.09941739738218025 0.039889720073010254
0.13301936688844787 0.044691025940014284
0.08368093783379045 0.049492331807018314
0.08645796010703571 0.054293637674022344
0.1254288393415775 0.059094943541026373
0.11237683465732479 0.0638962494080304
0.10015793665504566 0.06869755527503443
0.20494424376550008 0.07349886114203846
0.12478086747782027 0.07830016700904249
0.08099648296965337 0.08310147287604652
0.07895999996927351 0.08790277874305055
0.07368365765010752 0.09270408461005458
0.06785191087629248 0.09750539047705861
0.062483001148018316 0.10230669634406264
0.07007352869488868 0.10710800221106667
0.07136947242240314 0.1119093080780707
0.06359381005731642 0.11671061394507473
0.11293223911197384 0.12151191981207876
0.6257556855712649 0.1263132256790828
1.257898522370994 0.13111453154608682
4.540523984165105 0.13591583741309085
2.1202565056227547 0.14071714328009488
4.032606610388548 0.1455184491470989
34.256050819025994 0.15031975501410294
14.698501190059828 0.15512106088110697
6.412792400787059 0.159922366748111
5.632819411641574 0.16472367261511503
5.313739552445694 0.16952497848211906
50.52375472828761 0.1743262843491231
4.283464289071703 0.17912759021612712
1.7778496593316144 0.18392889608313115
3.4766467512848473 0.18873020195013518
3.0184380761993794 0.1935315078171392
9.006901473634564 0.1983328136841432
29.67988838235424 0.20313411955114727
12.174650780725429 0.20793542541815133
7.52980332649541 0.21273673128515533
3.4751656727391165 0.21753803715215933
1.1107163418889952 0.2223393430191634
0.6072422037496298 0.22714064888616745
