0.0038921886703202732 4275.976276995855
0.002266998655379388 4276.997696020547
0.0015120576444229122 4278.019115045239
0.0008906998555780435 4279.040534069931
0.0009633656474107418 4280.061953094623
0.0012157378585662207 4281.083372119315
0.0007310091633469044 4282.104791144006
0.003216005194224387 4283.126210168699
0.015476943411360739 4284.1476291933905
0.049797823630497895 4285.169048218082
0.0713216922460443 4286.1904672427745
0.11344740065741564 4287.211886267466
0.10256667736059857 4288.233305292159
0.07412171841636414 4289.25472431685
0.0714000146564029 4290.276143341542
0.06777760317731779 4291.297562366234
0.059967553491059714 4292.318981390926
0.05269444744026001 4293.340400415618
0.04484480142432063 4294.36181944031
0.03766655251495522 4295.383238465001
0.03619757219622954 4296.404657489694
0.03212176098606855 4297.426076514385
0.032382400562761884 4298.447495539077
0.03434307156873876 4299.468914563769
0.011168775717135917 4300.490333588461
0.006107842634464581 4301.5117526131535
0.0025598374452201417 4302.533171637845
0.0014319947360563465 4303.554590662537
0.0009350825547812485 4304.576009687229
0.0011256670866538342 4305.597428711921
0.001084765383466567 4306.618847736612
0.0012296618426299712 4307.640266761305
0.001263601553785363 4308.661685785996
0.0017257037749010848 4309.683104810689
0.0016369383764946752 4310.70452383538
0.0014080628884467752 4311.725942860072
0.0013993603984069312 4312.747361884764
0.0012174783565741896 4313.768780909456
0.0021012162201203576 4314.790199934148
0.0006061284312751415 4315.81161895884
0.0003929174252989611 4316.8330379835315
0.00045209435756990093 4317.854457008224
0.005679245000002259 4318.875876032916
0.011143103371518377 4319.897295057607
0.0021873708715148144 4320.9187140823
0.0016782752041839346 4321.940133106991
0.0011713551593630158 4322.961552131684
0.0013580235707176718 4323.982971156375
0.00031241939243040315 4325.004390181067
0.00037159632470134304 4326.025809205759
0.0006257090338647908 4327.047228230451
0.0016465111155385035 4328.068647255143
0.0019676329980087507 4329.090066279835
0.0008972267231079266 4330.1114853045265
0.00047167496015955017 4331.132904329219
0.00043164350597626734 4332.1543233539105
0.0002110353834662194 4333.175742378602
0.00010181913346617596 4334.197161403295
7.266579183269823e-5 4335.218580427986
3.9596329681290655e-5 4336.239999452679
