1.9962348191920437e-9 -12737.421830875024
0.0 -11401.573642561196
0.0 -10065.725454247367
2.096046560151646e-8 -8729.877265933541
3.3270580319867397e-10 -7394.029077619713
2.1293171404715134e-8 -6058.180889305884
3.6597638351854134e-9 -4722.332700992057
2.8945404878284633e-8 -3386.4845126782293
2.7281875862291262e-8 -2050.636324364401
9.049597847003931e-8 -714.7881360505726
2.195858301111248e-8 621.0600522632558
2.6616464255893915e-8 1956.9082405770823
4.9905870479801094e-8 3292.7564288909107
2.2524182876550225e-7 4628.604617204739
1.1977408915152263e-7 5964.452805518566
1.354112619018603e-7 7300.300993832396
4.7144412313252097e-7 8636.149182146222
2.2557453456870095e-7 9971.997370460049
1.4239808376903245e-7 11307.845558773879
1.9163854264243618e-7 12643.693747087706
9.981174095960219e-8 13979.541935401536
2.758131108517007e-7 15315.390123715362
3.2372274651230977e-7 16651.23831202919
2.262399461750983e-7 17987.08650034302
2.8812322557005165e-7 19322.934688656846
3.6165120807695856e-7 20658.782876970672
2.555180568565816e-7 21994.631065284502
2.691589947877272e-7 23330.479253598332
3.9691802321601803e-7 24666.327441912155
4.6146294903656076e-7 26002.175630225986
6.228252635879177e-7 27338.023818539816
7.229697103507185e-7 28673.87200685364
1.0230703448359224e-6 30009.72019516747
1.8578292050613953e-6 31345.5683834813
2.5012822284476307e-6 32681.416571795122
8.986084309173305e-5 34017.264760108956
6.846020771258474e-5 35353.112948422786
1.182270071666488e-5 36688.9611367366
9.349698481489136e-6 38024.80932505043
4.576900652282878e-5 39360.65751336426
3.930852523631693e-5 40696.50570167809
1.3802965657303385e-5 42032.35388999192
3.222588409782356e-5 43368.20207830575
6.0633636398139136e-5 44704.05026661958
6.942538724766409e-5 46039.8984549334
4.056881481883351e-5 47375.74664324723
1.5453186441168808e-5 48711.59483156106
1.8406615856163436e-5 50047.44301987489
5.180661873347512e-5 51383.29120818872
0.00014698443326612617 52719.13939650255
7.13820300762755e-6 54054.987584816365
4.127548194482749e-6 55390.835773130195
3.2648420467885876e-6 56726.683961444025
3.621502667817566e-6 58062.532149757855
5.029180921151155e-6 59398.380338071685
0.0 60734.2285263855
0.0 62070.07671469933
2.8279993271887286e-8 63405.92490301316
4.6578812447814354e-9 64741.77309132699
3.992469638384087e-9 66077.62127964082
