0.0016639842029773034 -10.04279284668564
0.0024491035100158904 -9.739371162762492
0.0011776789605578803 -9.435949478839346
0.0006752611950462473 -9.132527794916198
0.002123923498518565 -8.829106110993052
0.0023831886428204866 -8.525684427069905
0.0045305485385640845 -8.222262743146759
0.005479722626177898 -7.918841059223611
0.011836845373467948 -7.615419375300465
0.01516920810390225 -7.311997691377318
0.02501688926289557 -7.008576007454171
0.027360528985398813 -6.7051543235310245
0.028703727501358484 -6.401732639607877
0.06072370521005906 -6.098310955684731
0.05720971040113076 -5.794889271761583
0.05697388165405387 -5.491467587838437
0.0943476113538478 -5.18804590391529
0.11944945755668411 -4.884624219992143
0.2688945740117566 -4.5812025360689965
0.17551664359309455 -4.27778085214585
0.11116176158798201 -3.974359168222703
0.06979505571097318 -3.6709374842995555
0.06752172518014503 -3.3675158003764087
0.04286370574975777 -3.064094116453262
0.08205668578414484 -2.7606724325301153
0.06525278897379658 -2.4572507486069686
0.09776053669974315 -2.153829064683822
0.22877585628698077 -1.8504073807606751
0.16904526840933246 -1.5469856968375275
0.15119405759799054 -1.2435640129143817
0.19843890485400284 -0.9401423289912341
0.3019955555424618 -0.6367206450680882
0.07267773256965217 -0.3332989611449406
0.03968221482645962 -0.02987727722179301
0.027455739349125506 0.2735444067013528
0.02405892652632237 0.5769660906245004
0.027660807824844542 0.8803877745476463
0.04887221208832547 1.1838094584707939
0.015022730621245796 1.4872311423939397
0.014627241418073374 1.7906528263170873
0.018561626602225694 2.094074510240233
0.04577860765462118 2.397496194163381
0.12165247889583716 2.7009178780865284
0.18989926761513162 3.0043395620096742
0.029669014112064507 3.307761245932822
0.023640000925924914 3.6111829298559677
0.01237441773481713 3.9146046137791153
0.010052749634712354 4.218026297702261
0.004449985923103035 4.521447981625409
0.004678490796047102 4.824869665548556
0.0037395701322192392 5.128291349471702
0.003947568157591402 5.43171303339485
0.00437381763212168 5.735134717317996
0.004744405663242505 6.0385564012411415
0.0 6.341978085164289
0.0 6.645399769087437
0.0002314344225971954 6.948821453010584
0.0002167866743315501 7.252243136933732
4.394324479693584e-6 7.555664820856876
0.00012304108543142032 7.859086504780024
