2.561035093718823e-5 -4.561510003412716
1.90248321247684e-5 -3.954116703972696
2.926897249964369e-6 -3.3467234045326766
3.292759406209915e-5 -2.7393301050926575
0.00013683244643583424 -2.131936805652638
0.00036439870762056397 -1.5245435062126185
0.0010917326742367096 -0.9171502067725994
0.000816604332740059 -0.3097569073325799
0.0005034263269938715 0.29763639210743964
0.00036513043193305505 0.9050296915474592
0.0004924504623065051 1.5124229909874787
0.00041854630674490476 2.119816290427498
0.000547329785743337 2.727209589867517
0.0006958698211790287 3.3346028893075363
0.0008180677813650412 3.941996188747556
0.0008063601923651837 4.549389488187575
0.0012410044339848925 5.156782787627595
0.0011246602682988087 5.764176087067614
0.0013280796271713325 6.371569386507634
0.0011788078674231496 6.9789626859476535
0.0009929498920504122 7.586355985387673
0.0010895375012992363 8.193749284827692
0.0011627099325483457 8.801142584267712
0.0011385630302361395 9.408535883707732
0.0018337011271026772 10.01592918314775
0.0010573416315496284 10.623322482587769
0.0004931821866189962 11.230715782027788
0.0007419684528659676 11.838109081467808
0.00042732699849479787 12.445502380907827
0.0006797718863042247 13.052895680347847
0.0005129387430562556 13.660288979787866
0.0004931821866189962 14.267682279227886
0.0009153871149263564 14.875075578667905
0.003045436588587926 15.482468878107925
0.001879799758789616 16.089862177547943
0.006328683578735457 16.697255476987962
0.008217264029274966 17.30464877642798
0.006696009183605986 17.912042075868
0.011101721269114852 18.51943537530802
0.036907442597738205 19.12682867474804
0.13158086104508568 19.73422197418806
0.2012139417946755 20.34161527362808
0.03965287221820478 20.9490085730681
0.04880601164315585 21.55640187250812
0.028493344728403133 22.163795171948138
0.04272611433066737 22.771188471388157
0.10393338962192225 23.378581770828177
0.1358687655162835 23.985975070268196
0.10187065878500987 24.593368369708216
0.088593521134859 25.200761669148235
0.12714953860863962 25.808154968588255
0.10680248065119982 26.415548268028274
0.18953489004300517 27.022941567468294
0.1539240629270012 27.630334866908314
0.018513356830337124 28.237728166348333
0.014395212399637258 28.845121465788353
0.00981388647913053 29.452514765228372
0.0025507909533439475 30.05990806466839
0.001824920435352784 30.66730136410841
0.0014063741286078793 31.27469466354843
