0.009630998550509223 222.92656823098494
0.07229359952571328 222.96293229234217
0.06518034932724072 222.99929635369944
0.04597946262311637 223.03566041505667
0.05085607229526508 223.0720244764139
0.1687258058245937 223.10838853777113
0.5857064879917551 223.1447525991284
1.0010494115221549 223.18111666048563
1.0254202378035195 223.21748072184286
0.48070660404832266 223.25384478320012
0.48185547950993163 223.29020884455736
1.3066991726276556 223.3265729059146
2.215838547221093 223.36293696727182
1.7911212888071393 223.39930102862908
1.6725671188325968 223.43566508998632
1.399085870652147 223.47202915134355
1.177365128640995 223.5083932127008
1.1625764125926241 223.54475727405804
1.8172643165984326 223.58112133541528
0.8277892142480193 223.6174853967725
0.6183027736950649 223.65384945812977
1.888739036805765 223.690213519487
1.3567730318426763 223.72657758084424
1.0298568526180307 223.7629416422015
0.9618165367161464 223.79930570355873
0.867877634610545 223.83566976491596
0.7429068729621227 223.8720338262732
0.6258804629099325 223.90839788763046
0.28005672688625427 223.9447619489877
0.2579225411312134 223.98112601034492
0.11998415326186428 224.01749007170218
0.12745184376232258 224.05385413305942
0.09050449780015331 224.09021819441665
0.04464725597082512 224.12658225577388
0.030481865970774118 224.16294631713114
0.03900065529781083 224.19931037848838
0.03871954747209799 224.2356744398456
0.10364323313238352 224.27203850120284
0.4339082621068255 224.3084025625601
0.1422894481282086 224.34476662391734
0.13119180005224113 224.38113068527457
0.01839422946512231 224.41749474663183
0.015962035668737367 224.45385880798906
0.01821089827444003 224.4902228693463
0.02734079157041768 224.52658693070353
0.03098297122530569 224.5629509920608
0.02375972231242377 224.59931505341802
0.014177612079429821 224.63567911477526
0.009912106376222056 224.67204317613252
0.010816540250254648 224.70840723748975
0.009594332312372767 224.74477129884698
0.008518789327036713 224.78113536020422
0.010950983123421656 224.81749942156148
0.0037888446074338315 224.8538634829187
0.0027866340983706893 224.89022754427594
0.001882200224338097 224.9265916056332
0.0015766482398676268 224.96295566699044
0.0007333247627291287 224.99931972834767
0.0004033286195010208 225.0356837897049
0.00021999742881873862 225.07204785106217
