0.0007899602052214625 -1.5455535907113358
2.8212864472195088e-5 -1.4982938261224765
0.0 -1.451034061533617
0.0 -1.4037742969447577
0.0 -1.3565145323558985
0.0 -1.309254767767039
9.404288157398363e-5 -1.2619950031781797
0.0029153293287934924 -1.2147352385893204
3.761715262959345e-5 -1.1674754740004611
0.0 -1.1202157094116016
0.0006959173236474788 -1.0729559448227424
0.0 -1.0256961802338829
0.0 -0.9784364156450236
0.0 -0.9311766510561643
0.0 -0.8839168864673049
0.0002633200684071542 -0.8366571218784457
0.00016927718683317053 -0.7893973572895863
0.00014106432236097544 -0.7421375927007269
0.0001316600342035771 -0.6948778281118676
0.0012319617486191855 -0.6476180635230082
0.0035924380761261747 -0.6003582989341489
0.0021159648354146317 -0.5530985343452895
0.0665823601543804 -0.5058387697564302
0.27024162449099937 -0.4585790051675709
0.07097416272388545 -0.4113192405787114
0.0160719284609938 -0.3640594759898521
0.026604731197279966 -0.31679971140099283
0.03189934542989525 -0.26953994681213356
0.03549178350602142 -0.22228018222327406
0.016984144412261443 -0.17502041763441478
0.08932192891896965 -0.1277606530455555
0.19828941579874448 -0.08050088845669601
0.1463777451699055 -0.03324112386783673
0.028165843031408094 0.014018640721022546
0.24019492382811158 0.061278405309882045
2.45593925659274 0.10853816989874132
2.5835836597531077 0.1557979344876006
0.6481811569605247 0.2030576990764601
3.003494530269102 0.2503174636653194
1.915879200577824 0.29757722825417865
0.41388272180710195 0.3448369928430379
0.20688493517460657 0.3920967574318974
2.26229555914375 0.4393565220207567
0.38209622783509545 0.4866162866096162
0.15377891994977802 0.5338760511984755
0.14655642664489607 0.5811358157873348
0.12187017023172537 0.628395580376194
0.14210819834644667 0.6756553449650533
0.11079191878231011 0.722915109553913
0.24459613068577402 0.7701748741427723
0.3231877668171521 0.8174346387316316
1.4302417601297726 0.8646944033204909
1.2811367713942214 0.9119541679093501
0.764333519992552 0.9592139324982094
0.48839289687816917 1.0064736970870687
0.30736034984825067 1.0537334616759284
0.17440252387895264 1.1009932262647877
0.15444662440895332 1.148252990853647
0.12793593609324733 1.1955127554425062
0.06686448879910235 1.2427725200313655
