0.0012929536715906823 -0.16680160578652561
0.0 -0.15133314745004509
0.0 -0.13586468911356456
0.0019537966592925865 -0.12039623077708403
0.0011205598487119247 -0.1049277724406035
0.0054016731168677395 -0.08945931410412296
0.006436036054140285 -0.07399085576764243
0.010602220107043595 -0.0585223974311619
0.006119980712195896 -0.04305393909468137
0.00755659590285221 -0.02758548075820083
0.009108140308761028 -0.012117022421720303
0.022641055404743503 0.0033514359147602257
0.01534305023620943 0.018819894251240754
0.03068610047241886 0.03428835258772128
0.038731145540094214 0.04975681092420181
0.07395695001498703 0.06522526926068234
0.09461547645662481 0.08069372759716287
0.10001714957349256 0.09616218593364342
0.13294436974333526 0.11163064427012395
0.2413513520302607 0.12709910260660448
0.30318326983610844 0.142567560943085
0.26810112688028126 0.15803601927956554
0.3709627745312733 0.17350447761604607
0.44733323806656294 0.1889729359525266
0.5827773182416401 0.20444139428900712
1.2333916057860714 0.21990985262548765
1.1523377767292422 0.23537831096196818
2.314961718223584 0.25084676929844874
1.5758806672385366 0.2663152276349292
1.6873907383372797 0.2817836859714098
1.7521533511320664 0.29725214430789026
2.00143481901475 0.31272060264437085
2.2616632946502344 0.3281890609808513
2.446785528118207 0.3436575193173319
3.517810885056302 0.3591259776538125
2.687964486325589 0.37459443599029296
0.8907876151183538 0.39006289432677355
0.9071937605956489 0.405531352663254
0.7566939532224936 0.4209998109997346
0.3959886111525063 0.4364682693362151
0.3051083341915879 0.45193672767269566
0.3207674397697417 0.46740518600917613
0.4011316935350559 0.4828736443456567
0.8575443396065667 0.4983421026821372
2.115904317406245 0.5138105610186178
2.5139616544332966 0.5292790193550982
2.713478772111645 0.5447474776915788
3.118949043522483 0.5602159360280593
3.7941294508271373 0.5756843943645399
2.871621372299092 0.5911528527010204
0.9274213024800898 0.6066213110375009
1.1099576286048811 0.6220897693739814
1.4238580477632856 0.637558227710462
3.969453968694834 0.6530266860469425
6.085818002962089 0.6684951443834231
3.3661043209229953 0.6839636027199035
0.06530852656723601 0.6994320610563841
0.0752499036865777 0.7149005193928646
0.0818008689559705 0.7303689777293452
0.17543944708294903 0.7458374360658256
