2452007.895729   41.2   5.4 
2452219.160231   70.8   4.9 
2452236.056111   18.9   5.1 
2452243.165139   -0.4   4.9 
2452307.873275  687.7   5.0 
2452333.004965   69.0   5.3 
2452334.009838   57.1   5.0 
2452334.900637   56.8   4.7 
2452363.024456   -8.3   5.2 
2452446.758692   62.3   4.8 
2452573.126597   11.8   5.0 
2452574.154375   11.7   5.4 
2452603.129352  -55.5   5.2 
2452652.068634  154.0   5.0 
2452652.986979  150.8   4.8 
2452654.043738  134.2   5.1 
2452680.963727   19.4   4.5 
2452711.770891  -47.7   5.4 
2452712.832141  -52.8   5.0 
2452804.817014    3.1   5.3 
2452805.823611    4.3   5.5 
2452989.051933  121.4   4.9 
2453044.891481  -51.5   4.7 
2453077.075972 -146.1   5.5 
2453153.737222  -47.8   4.9 
2453179.745359 -110.6   5.0 
2453189.745405 -154.7   5.1 
2453190.743264 -171.0   5.1 
2453195.741528 -225.3   4.7 
2453196.748310 -240.3   4.8 
2453196.755069 -238.5   5.0 
2453196.761690 -237.0   5.0 
2453197.736088 -261.9   6.1 
2453197.742789 -244.4   4.8 
2453197.749329 -246.7   4.9 
2453197.755961 -253.3   4.8 
2453198.737998  -49.5   7.0 
2453199.737593  595.0   6.2 
2453199.744340  605.7   5.0 
2453398.848333  -95.9   5.1 
2453425.918588  282.4   4.7 
2453426.774884  250.8   4.7 
2453427.019120  240.0   4.4 
2453427.917963  222.0   4.6 
2453428.776898  205.0   5.2 
2453428.783218  208.2   5.4 
