2451293.846 3.642 0.014 2
2451318.798 3.910 0.015 2
2451508.677 3.657 0.012 1
2451509.688 3.644 0.012 1
2451510.693 3.638 0.012 1
2451541.632 3.883 0.013 1
2451546.139 3.854 0.012 2
2451547.059 3.876 0.012 2
2451549.063 3.817 0.011 2
2451550.100 3.812 0.012 2
2451559.599 3.810 0.012 1
2451560.675 3.811 0.014 1
2451587.493 3.774 0.015 1
2451621.391 3.651 0.013 1
2451622.404 3.663 0.014 1
2451623.397 3.636 0.013 1
2451625.410 3.635 0.011 1
2451653.385 3.863 0.013 1
2451654.364 3.886 0.016 1
2451656.384 3.842 0.011 1
2451659.366 3.822 0.014 1
2451688.369 3.781 0.012 1
2451690.363 3.795 0.013 1
2451691.358 3.762 0.012 1
2451692.362 3.759 0.014 1
2451722.359 3.713 0.013 1
2451727.359 3.703 0.015 1
2451835.691 3.666 0.017 1
2451836.691 3.680 0.015 1
2451852.706 3.616 0.017 1
2451853.705 3.600 0.013 1
2451856.677 3.520 0.014 1
2451859.641 3.516 0.017 1
2451863.663 4.146 0.016 1
2451882.720 3.862 0.015 1
2451906.647 3.780 0.014 1
2451909.632 3.769 0.018 1
2451950.493 3.671 0.020 1
2451950.509 3.640 0.019 1
2451952.556 3.659 0.012 1
2451952.569 3.676 0.012 1
2451955.444 3.674 0.012 1
2451955.459 3.669 0.013 1
2451974.297 4.307 0.014 1
2451974.323 4.300 0.014 1
2451974.335 4.322 0.015 1
2451974.348 4.293 0.014 1
2451974.360 4.291 0.014 1
2451974.377 4.265 0.012 1
2451974.389 4.265 0.012 1
2451974.402 4.281 0.012 1
2451974.415 4.277 0.012 1
2451974.428 4.268 0.012 1
2451974.440 4.291 0.015 1
2451974.453 4.283 0.013 1
2451974.469 4.269 0.012 1
2451974.482 4.281 0.012 1
2451974.495 4.276 0.012 1
2451977.482 4.058 0.017 1
2451978.445 4.042 0.014 1
2451982.372 3.944 0.016 1
