2452075.34680  3.628   0.012 
2452075.35930  3.642   0.013 
2452279.54340  3.701   0.012 
2452280.57800  3.699   0.009 
2452281.53220  3.720   0.010 
2452308.60070  4.314   0.014 
2452308.61320  4.331   0.016 
2452310.57700  4.124   0.011 
2452310.59040  4.110   0.012 
2452355.44950  3.790   0.018 
2452359.41600  3.767   0.014 
2452359.42890  3.757   0.012 
2452638.58610  3.579   0.011 
2452678.50800  3.812   0.014 
2452681.57100  3.824   0.014 
2452718.44840  3.697   0.011 
2452722.42900  3.751   0.021 
2452722.44230  3.704   0.016 
2452961.71930  3.631   0.014 
2454871.47853  4.4562  0.0046
2454874.35252  4.1979  0.0044
2454874.56659  4.2009  0.0044
2454875.43806  4.1653  0.0045
2454876.29565  4.1249  0.0044
2454876.30391  4.1270  0.0044
2454876.31208  4.1249  0.0044
2454876.32034  4.1252  0.0044
2454876.32891  4.1216  0.0044
2454876.34291  4.1277  0.0044
2454876.35329  4.1329  0.0044
2454876.36302  4.1285  0.0044
2454876.37264  4.1277  0.0044
2454876.38268  4.1310  0.0044
2454876.39338  4.1267  0.0044
2454876.40538  4.1269  0.0044
2454876.41789  4.1286  0.0044
2454876.42993  4.1291  0.0044
2454876.44290  4.1172  0.0044
2454876.45260  4.1259  0.0044
2454876.46171  4.1310  0.0044
2454876.47040  4.1246  0.0044
2454876.47885  4.1246  0.0044
2454876.48674  4.1193  0.0044
2454876.49422  4.1231  0.0044
2454876.50183  4.1226  0.0044
2454876.50960  4.1264  0.0044
2454876.51755  4.1213  0.0044
2454876.52614  4.1288  0.0044
2454876.53952  4.1331  0.0044
2454876.55160  4.1286  0.0044
2454876.56321  4.1388  0.0044
2454876.57483  4.1333  0.0044
2454876.58984  4.1334  0.0044
2454876.60029  4.1294  0.0044
2454876.61211  4.1375  0.0045
2454876.62624  4.1336  0.0045
2454876.64363  4.1371  0.0045
2454876.66005  4.1313  0.0045
2454876.67697  4.1301  0.0045
2454876.69241  4.1272  0.0045
2454876.70954  4.1291  0.0045
2454876.72874  4.1290  0.0050
2454877.44204  4.1139  0.0044
2454877.58164  4.1096  0.0044
2454878.46877  4.0860  0.0044
2454879.42175  4.0779  0.0044
2454880.53548  4.0708  0.0044
